+   		01010		5	10
ROGER, 		00010		5	2
ERROR-		00000000	8	0
.			010101		6	21
/   		10010		5	18
0   		11111		5	31
1   		01111		5	15
2   		00111		5	7
3   		00011		5	3
4   		00001		5	1
5   		00000		5	0
6   		10000		5	16
7   		11000		5	24
8   		11100		5	28
9   		11110		5	30
START:		10101		5	21
SOS; 		000111000	9	56
WAIT<		01000		5	8
=   		10001		5	17
END>		000101		6	5
?   		001100		6	12
@			011010		6	26
A   		01			2	1
B   		1000		4	8
C   		1010		4	10
D   		100			3	4
E			0			1	0
F   		0010		4	2
G   		110			3	6
H   		0000		4	0
I   		00			2	0
J   		0111		4	7
K/INVITE   	101			3	5
L   		0100		4	4
M   		11			2	3
N   		10			2	2
O   		111			3	7
P   		0110		4	6
Q   		1101		4	13
R   		010			3	2
S   		000			3	0
T   		1			1	1
U   		001			3	1
V   		0001		4	1
W   		011			3	3
X   		1001		4	9
Y   		1011		4	11
Z   		1100		4	12
SPACE
DEL
----------------
TOTAL:48
----------------
TEXT
+,-./0123456789:;<=>?@ABCDEFGHIJKLMNOPQRSTUVWXYZ

ASCII
43, 44, 45, 46, 47, 48, 49, 50, 51, 52, 53, 54, 55, 56, 57, 58, 59, 60, 61, 62, 63, 64, 65, 66, 67, 68, 69, 70, 71, 72, 73, 74, 75, 76, 77, 78, 79, 80, 81, 82, 83, 84, 85, 86, 87, 88, 90

MORSE
10,2,0,21,18,31,15,7,3,1,0,16,24,28,30,21,56,8,17,5,12,26,1,8,10,4,0,2,6,0,0,7,5,4,3,2,7,6,13,2,0,1,1,1,3,9,11,12

LEN
5,5,8,6,5,5,5,5,5,5,5,5,5,5,5,5,9,5,5,6,6,6,2,4,4,3,1,4,3,4,2,4,3,4,2,2,3,4,4,3,3,1,3,4,3,4,4,4
---------------------------------